4e-06
1e-06
4e-06
2.2e-05
1.2e-05
2.1e-05
3.2e-05
4.7e-05
6.2e-05
8.6e-05
0.000113
0.000147
0.000176
0.00026
0.000294
0.000335
0.000389
0.000438
0.000513
0.0006
0.000673
0.000821
0.001014
0.001018
0.001165
0.00127
0.001445
0.001439
0.001525
0.001822
0.001861
0.002093
0.002244
0.002487
0.002704
0.002926
0.003157
0.003399
0.003631
0.004023
0.004298
0.004616
0.004963
0.005338
0.005736
0.006059
0.006477
0.006847
0.007392
0.007787
0.008273
0.00881
0.009126
0.009948
0.01041
0.010823
0.01185
0.012159
0.012698
0.013528
0.01421
0.014866
0.015743
0.016204
0.017128
0.017949
0.018783
0.019635
0.020448
0.021209
0.022242
0.023143
0.02412
0.025401
0.026394
0.027253
0.028143
0.029718
0.030819
0.032039
0.032904
0.034024
0.035613
0.036609
0.038011
0.040025
0.040842
0.042169
0.043961
0.045161
0.046778
0.048162
0.049896
0.051666
0.053104
0.054741
0.056511
0.058618
0.060339
0.062009
