1e-06
2e-06
3e-06
7e-06
1.1e-05
1.8e-05
2.6e-05
3.9e-05
5.5e-05
7.5e-05
0.000108
0.000131
0.000164
0.000214
0.000238
0.000291
0.000397
0.000522
0.000545
0.00065
0.000732
0.000839
0.000937
0.001089
0.001196
0.001339
0.001451
0.001617
0.001743
0.001997
0.002231
0.002566
0.002674
0.002745
0.002832
0.003453
0.003875
0.004127
0.004289
0.004592
0.004698
0.005173
0.005201
0.00593
0.00623
0.005797
0.006312
0.007835
0.00721
0.008107
0.008476
0.009293
0.009758
0.010236
0.00998
0.011873
0.012274
0.013608
0.013509
0.014227
0.015035
0.014818
0.016453
0.017215
0.01803
0.01911
0.020013
0.020517
0.021188
0.021737
0.022909
0.023113
0.025483
0.025686
0.026863
0.027717
0.029233
0.030992
0.031713
0.033926
0.034195
0.035586
0.036654
0.039402
0.040051
0.041936
0.040025
0.046163
0.047555
0.047786
0.050585
0.052379
0.052076
0.053034
0.056265
0.058579
0.061244
0.062706
0.066299
0.067657
0.069385
0.071789
0.073936
0.074279
0.076677
0.079377
0.080817
0.082137
0.084668
0.087206
0.089656
0.092202
0.09553
0.097177
0.09884
0.10266
0.104804
0.107319
0.111963
0.117609
0.115976
0.121873
0.12342
0.127576
0.12799
0.133069
0.134906
0.135662
0.141815
0.145983
0.150843
0.155175
0.15467
0.160616
0.167998
0.166601
0.166234
0.180178
0.18438
0.17965
0.186306
0.190165
0.193913
0.198155
0.20049
0.206162
0.209189
0.213791
0.218825
0.222183
0.224944
0.230279
0.23465
0.241535
0.241192
0.252659
0.255033
0.257488
0.262929
0.269888
0.272008
0.275613
0.279975
0.28313
0.28908
0.295439
0.305881
0.307979
0.312351
0.320113
0.323994
0.32776
0.333352
0.339122
0.343567
0.352629
0.358012
0.363918
0.370332
0.374143
0.380446
0.388062
0.395664
0.403943
0.406813
0.410384
0.419747
0.427685
0.431546
0.440482
0.447851
0.455839
0.461471
0.469346
0.474278
0.482264
0.492529
0.502051
0.504278
0.512779
