1e-06
2e-06
4e-06
8e-06
1.2e-05
2.1e-05
3.3e-05
4.7e-05
6.4e-05
8.5e-05
0.000111
0.000147
0.000177
0.000225
0.000266
0.000323
0.0004
0.000435
0.000523
0.000594
0.000666
0.000788
0.000988
0.000998
0.001132
0.001408
0.001408
0.001436
0.001526
0.001701
0.001867
0.002089
0.002241
0.002475
0.002671
0.002909
0.003198
0.003432
0.003703
0.004029
0.004238
0.004642
0.004959
0.005319
0.005684
0.006088
0.006434
0.006992
0.007401
0.007895
0.008276
0.008761
0.009219
0.009834
0.010386
0.011092
0.012203
0.012007
0.012844
0.013468
0.014151
0.014882
0.015655
0.016416
0.017129
0.017934
0.01889
0.019606
0.020514
0.021081
0.022182
0.023288
0.024199
0.025167
0.026037
0.02739
0.028232
0.029718
0.030678
0.031289
0.032834
0.034305
0.03543
0.036631
0.038042
0.040101
0.041122
0.042233
0.043465
0.04529
0.046991
0.048476
0.049698
0.051572
0.053203
0.054713
0.056366
0.058254
0.060505
0.061965
