2e-06
2e-06
3e-06
6e-06
1.2e-05
1.7e-05
2.6e-05
3.9e-05
5.6e-05
7.6e-05
0.000101
0.000128
0.000164
0.000193
0.000241
0.000318
0.000374
0.000456
0.000518
0.000644
0.000758
0.000852
0.000923
0.001014
0.00114
0.001354
0.001473
0.001622
0.001941
0.00204
0.002082
0.002376
0.002612
0.002799
0.003022
0.003546
0.003774
0.004296
0.004384
0.004093
0.004979
0.00523
0.005375
0.005244
0.006107
0.006069
0.007063
0.00721
0.007734
0.008196
0.008615
0.00874
0.009481
0.009993
0.009984
0.011139
0.011918
0.011363
0.013054
0.012769
0.015146
0.015398
0.016182
0.017258
0.017524
0.018452
0.018828
0.02076
0.021136
0.022508
0.023801
0.024371
0.025104
0.026087
0.027272
0.027939
0.029211
0.031192
0.031736
0.033896
0.034515
0.03566
0.037505
0.039387
0.040116
0.042104
0.043401
0.046232
0.04726
0.048873
0.051767
0.051744
0.052838
0.054079
0.057259
0.058239
0.061318
0.062239
0.063705
0.068092
0.068861
0.071909
0.072186
0.074623
0.07528
0.078588
0.080826
0.082478
0.085497
0.086047
0.088728
0.09133
0.093478
0.09755
0.098942
0.102714
0.105398
0.107408
0.110591
0.115494
0.116639
0.121559
0.127111
0.127495
0.129705
0.131373
0.137229
0.138053
0.144869
0.15725
0.149443
0.153496
0.15634
0.162629
0.165619
0.16776
0.171441
0.178658
0.186137
0.186681
0.189574
0.190802
0.191551
0.197954
0.20238
0.214067
0.214424
0.218022
0.217701
0.219706
0.226303
0.231501
0.235205
0.241845
0.245529
0.259502
0.259155
0.258651
0.264551
0.268945
0.275658
0.277068
0.28458
0.288583
0.291756
0.298093
0.304347
0.308195
0.316699
0.319314
0.326568
0.328314
0.335589
0.34358
0.346225
0.354387
0.359015
0.364242
0.373523
0.377175
0.383839
0.389613
0.400388
0.400235
0.411169
0.414951
0.421137
0.426372
0.440656
0.44097
0.449806
0.456131
0.465169
0.470469
0.476462
0.486661
0.489684
0.499307
0.508884
0.514949
