1e-06
2e-06
4e-06
8e-06
1.2e-05
2.1e-05
3.1e-05
4.4e-05
6.3e-05
8.3e-05
0.00013
0.000158
0.000183
0.000237
0.000283
0.000323
0.000393
0.000452
0.00053
0.000568
0.000688
0.000778
0.000955
0.001051
0.001182
0.001432
0.00135
0.001408
0.001564
0.001709
0.001934
0.002047
0.002381
0.002454
0.002678
0.002909
0.003162
0.003419
0.003616
0.004014
0.004255
0.004635
0.00486
0.005305
0.005705
0.006061
0.006319
0.00686
0.007172
0.007693
0.008279
0.00875
0.009373
0.009876
0.010446
0.010995
0.01153
0.012102
0.012879
0.013418
0.014132
0.014909
0.015639
0.016226
0.017184
0.018013
0.018753
0.019643
0.020234
0.021496
0.022419
0.023273
0.024449
0.025195
0.025987
0.027098
0.028412
0.029061
0.030519
0.031839
0.033073
0.03433
0.03517
0.036538
0.037774
0.039317
0.040701
0.041736
0.043697
0.045006
0.046593
0.048257
0.049986
0.051832
0.053397
0.055291
0.056237
0.058226
0.060258
0.062018
