1e-06
1e-06
3e-06
6e-06
1e-05
1.7e-05
2.8e-05
3.9e-05
5.6e-05
7.6e-05
0.000101
0.000132
0.000168
0.000202
0.000249
0.000306
0.00045
0.000508
0.000565
0.000672
0.000733
0.000872
0.000963
0.001109
0.001187
0.001386
0.001448
0.001717
0.001958
0.001797
0.002289
0.00241
0.002544
0.002789
0.003098
0.00346
0.004038
0.004138
0.004299
0.004008
0.004828
0.004888
0.00562
0.004907
0.005973
0.006268
0.006601
0.006502
0.007213
0.008365
0.008491
0.009093
0.009771
0.010833
0.011061
0.011934
0.011877
0.012903
0.013608
0.01425
0.015227
0.015682
0.016461
0.017214
0.018087
0.019206
0.019443
0.020233
0.021381
0.022314
0.024224
0.024914
0.025195
0.027155
0.027954
0.028977
0.030521
0.031119
0.032977
0.034942
0.03507
0.036208
0.038623
0.039676
0.04072
0.042407
0.043684
0.046445
0.048307
0.049371
0.05111
0.053344
0.05395
0.054933
0.057259
0.059073
0.062341
0.063677
0.065076
0.067774
0.072175
0.074896
0.072869
0.075229
0.077413
0.079397
0.081404
0.084963
0.087196
0.089517
0.091521
0.093476
0.097768
0.098159
0.102768
0.105281
0.10741
0.111317
0.115847
0.115585
0.119783
0.122653
0.127253
0.132057
0.134285
0.13636
0.137823
0.140511
0.132489
0.154991
0.158112
0.157453
0.160875
0.165319
0.172146
0.172004
0.176624
0.183326
0.186719
0.187564
0.190492
0.194377
0.19929
0.205343
0.208674
0.213676
0.217147
0.218457
0.223336
0.227967
0.233177
0.237156
0.247215
0.246595
0.247511
0.256154
0.262755
0.26601
0.269327
0.275132
0.28091
0.282986
0.28966
0.295367
0.298928
0.305068
0.31124
0.316734
0.319837
0.32546
0.334542
0.338969
0.343897
0.350222
0.355689
0.361157
0.366983
0.375144
0.38196
0.388607
0.392546
0.39905
0.40553
0.412448
0.416788
0.42456
0.434364
0.439723
0.445288
0.451101
0.458742
0.466831
0.472618
0.48335
0.489134
0.495457
0.502977
0.508688
0.523992
0.524194
